90 0
24 1
64 1
90 1
92 1
22 2
24 2
62 2
64 2
79 2
80 2
93 2
94 2
101 2
102 2
12 3
13 3
20 3
21 3
34 3
35 3
52 3
53 3
60 3
61 3
74 3
75 3
79 3
80 3
93 3
94 3
99 3
103 3
11 4
15 4
20 4
21 4
34 4
35 4
51 4
55 4
60 4
61 4
74 4
75 4
93 4
94 4
98 4
104 4
113 4
114 4
0 5
1 5
10 5
16 5
20 5
21 5
40 5
41 5
50 5
56 5
60 5
61 5
90 5
92 5
97 5
98 5
100 5
104 5
113 5
114 5
0 6
1 6
10 6
14 6
16 6
17 6
22 6
24 6
40 6
41 6
50 6
54 6
56 6
57 6
62 6
64 6
90 6
98 6
104 6
10 7
16 7
24 7
50 7
56 7
64 7
99 7
103 7
11 8
15 8
51 8
55 8
101 8
102 8
12 9
13 9
52 9
53 9
23 11
24 11
63 11
64 11
23 12
63 12
24 13
25 13
26 13
64 13
65 13
66 13
26 14
66 14
49 51
50 51
50 52
47 53
48 53
49 53
47 54
