128 0
24 1
62 1
102 1
128 1
130 1
22 2
24 2
60 2
62 2
100 2
102 2
117 2
118 2
131 2
132 2
139 2
140 2
12 3
13 3
20 3
21 3
34 3
35 3
50 3
51 3
58 3
59 3
72 3
73 3
90 3
91 3
98 3
99 3
112 3
113 3
117 3
118 3
131 3
132 3
137 3
141 3
11 4
15 4
20 4
21 4
34 4
35 4
49 4
53 4
58 4
59 4
72 4
73 4
89 4
93 4
98 4
99 4
112 4
113 4
131 4
132 4
136 4
142 4
151 4
152 4
0 5
1 5
10 5
16 5
20 5
21 5
38 5
39 5
48 5
54 5
58 5
59 5
78 5
79 5
88 5
94 5
98 5
99 5
128 5
130 5
135 5
136 5
138 5
142 5
151 5
152 5
0 6
1 6
10 6
14 6
16 6
17 6
22 6
24 6
38 6
39 6
48 6
52 6
54 6
55 6
60 6
62 6
78 6
79 6
88 6
92 6
94 6
95 6
100 6
102 6
128 6
136 6
142 6
10 7
16 7
24 7
48 7
54 7
62 7
88 7
94 7
102 7
137 7
141 7
11 8
15 8
49 8
53 8
89 8
93 8
139 8
140 8
12 9
13 9
50 9
51 9
90 9
91 9
61 11
62 11
101 11
102 11
61 12
101 12
62 13
63 13
64 13
102 13
103 13
104 13
64 14
104 14
99 49
100 49
99 50
100 51
101 51
102 51
102 52
